5.3497787632e-02 0.0000000000e+00
9.9672822323e-02 0.0000000000e+00
1.4584785701e-01 0.0000000000e+00
1.9202289170e-01 0.0000000000e+00
2.3819792639e-01 0.0000000000e+00
2.8437296108e-01 0.0000000000e+00
3.3054799577e-01 0.0000000000e+00
3.7672303046e-01 0.0000000000e+00
4.2289806515e-01 0.0000000000e+00
4.6907309984e-01 0.0000000000e+00
5.1524813453e-01 0.0000000000e+00
5.6142316922e-01 0.0000000000e+00
6.0759820391e-01 0.0000000000e+00
6.5377323860e-01 0.0000000000e+00
6.9994827329e-01 0.0000000000e+00
7.4612330798e-01 0.0000000000e+00
7.9229834267e-01 0.0000000000e+00
8.3847337736e-01 0.0000000000e+00
8.8464841205e-01 0.0000000000e+00
9.3082344674e-01 0.0000000000e+00
9.7699848143e-01 0.0000000000e+00
1.0231735161e+00 0.0000000000e+00
1.0693485508e+00 0.0000000000e+00
1.1155235855e+00 0.0000000000e+00
1.1616986202e+00 0.0000000000e+00
1.2078736549e+00 0.0000000000e+00
1.2540486896e+00 0.0000000000e+00
1.3002237243e+00 0.0000000000e+00
1.3463987590e+00 0.0000000000e+00
1.3925737936e+00 0.0000000000e+00
1.4387488283e+00 0.0000000000e+00
1.4849238630e+00 0.0000000000e+00
1.5310988977e+00 0.0000000000e+00
1.5772739324e+00 5.1097753125e+05
1.6234489671e+00 5.2090540625e+05
1.6696240018e+00 5.4802837500e+05
1.7157990365e+00 5.6964312500e+05
1.7619740712e+00 5.9728693750e+05
1.8081491059e+00 6.2247212500e+05
1.8543241405e+00 6.3568868750e+05
1.9004991752e+00 6.4501181250e+05
1.9466742099e+00 6.5587456250e+05
1.9928492446e+00 6.5861287500e+05
2.0390242793e+00 6.6360000000e+05
2.0851993140e+00 6.7514537500e+05
2.1313743487e+00 6.8170556250e+05
2.1775493834e+00 6.8764018750e+05
2.2237244181e+00 6.9820581250e+05
2.2698994528e+00 7.0559156250e+05
2.3160744874e+00 7.0900093750e+05
2.3622495221e+00 7.1334375000e+05
2.4084245568e+00 7.2238868750e+05
2.4545995915e+00 7.2721487500e+05
2.5007746262e+00 7.3039562500e+05
2.5469496609e+00 7.3824518750e+05
2.5931246956e+00 7.4202250000e+05
2.6392997303e+00 7.4436156250e+05
2.6854747650e+00 7.4934000000e+05
2.7316497997e+00 7.5304362500e+05
2.7778248343e+00 7.5848831250e+05
2.8239998690e+00 7.6257568750e+05
2.8701749037e+00 7.6589356250e+05
2.9163499384e+00 7.6633225000e+05
2.9625249731e+00 7.6953437500e+05
3.0087000078e+00 7.7258812500e+05
3.0548750425e+00 7.8012631250e+05
3.1010500772e+00 7.8186693750e+05
3.1472251119e+00 7.8369812500e+05
3.1934001466e+00 7.8443681250e+05
3.2395751812e+00 7.8790593750e+05
3.2857502159e+00 7.9106575000e+05
3.3319252506e+00 7.9405062500e+05
3.3781002853e+00 7.9662068750e+05
3.4242753200e+00 7.9829112500e+05
3.4704503547e+00 8.0007875000e+05
3.5166253894e+00 8.0273762500e+05
3.5628004241e+00 8.0568312500e+05
3.6089754588e+00 8.0744500000e+05
3.6551504935e+00 8.0891075000e+05
3.7013255281e+00 8.1333137500e+05
3.7475005628e+00 8.1586925000e+05
3.7936755975e+00 8.1681618750e+05
3.8398506322e+00 8.1466837500e+05
3.8860256669e+00 8.1834356250e+05
3.9322007016e+00 8.2099468750e+05
3.9783757363e+00 8.2161712500e+05
4.0245507710e+00 8.2417887500e+05
4.0707258057e+00 8.2667506250e+05
4.1169008404e+00 8.2758281250e+05
4.1630758750e+00 8.3003131250e+05
4.2092509097e+00 8.3062137500e+05
4.2554259444e+00 8.2989368750e+05
4.3016009791e+00 8.3120631250e+05
4.3477760138e+00 8.3702112500e+05
4.3939510485e+00 8.4225506250e+05
4.4401260832e+00 8.5712737500e+05
4.4863011179e+00 8.8909275000e+05
4.5324761526e+00 9.4143362500e+05
4.5786511873e+00 1.0248717500e+06
4.6248262219e+00 1.1447196250e+06
4.6710012566e+00 1.3117198750e+06
4.7171762913e+00 1.5319391250e+06
4.7633513260e+00 1.7977110000e+06
4.8095263607e+00 2.1186197500e+06
4.8557013954e+00 2.4723347500e+06
4.9018764301e+00 2.8662567500e+06
4.9480514648e+00 3.2725997500e+06
4.9942264995e+00 3.6865155000e+06
5.0404015342e+00 4.1186432500e+06
5.0865765688e+00 4.5284165000e+06
5.1327516035e+00 4.9317015000e+06
5.1789266382e+00 5.3532875000e+06
5.2251016729e+00 5.7371035000e+06
5.2712767076e+00 6.1020805000e+06
5.3174517423e+00 6.4539260000e+06
5.3636267770e+00 6.7912415000e+06
5.4098018117e+00 7.1203355000e+06
5.4559768464e+00 7.4199150000e+06
5.5021518811e+00 7.7111180000e+06
5.5483269157e+00 7.9952480000e+06
5.5945019504e+00 8.2379210000e+06
5.6406769851e+00 8.4833100000e+06
5.6868520198e+00 8.6851110000e+06
5.7330270545e+00 8.8754840000e+06
5.7792020892e+00 9.0400520000e+06
5.8253771239e+00 9.1929600000e+06
5.8715521586e+00 9.2975960000e+06
5.9177271933e+00 9.3668580000e+06
5.9639022280e+00 9.4358630000e+06
6.0100772626e+00 9.4981360000e+06
6.0562522973e+00 9.5071090000e+06
6.1024273320e+00 9.4824210000e+06
6.1486023667e+00 9.4506950000e+06
6.1947774014e+00 9.3848240000e+06
6.2409524361e+00 9.3363430000e+06
6.2871274708e+00 9.2528930000e+06
6.3333025055e+00 9.1597190000e+06
6.3794775402e+00 9.0418140000e+06
6.4256525749e+00 8.9233200000e+06
6.4718276095e+00 8.7985850000e+06
6.5180026442e+00 8.6937240000e+06
6.5641776789e+00 8.6051800000e+06
6.6103527136e+00 8.5008610000e+06
6.6565277483e+00 8.3815240000e+06
6.7027027830e+00 8.2793730000e+06
6.7488778177e+00 8.1920605000e+06
6.7950528524e+00 8.1015365000e+06
6.8412278871e+00 8.0306475000e+06
6.8874029218e+00 7.9708665000e+06
6.9335779564e+00 7.9006285000e+06
6.9797529911e+00 7.8246135000e+06
7.0259280258e+00 7.7494970000e+06
7.0721030605e+00 7.6765880000e+06
7.1182780952e+00 7.6079505000e+06
7.1644531299e+00 7.5640790000e+06
7.2106281646e+00 7.4983680000e+06
7.2568031993e+00 7.4402655000e+06
7.3029782340e+00 7.3860820000e+06
7.3491532687e+00 7.3176475000e+06
7.3953283033e+00 7.2696060000e+06
7.4415033380e+00 7.2280350000e+06
7.4876783727e+00 7.1698850000e+06
7.5338534074e+00 7.1295825000e+06
7.5800284421e+00 7.0819520000e+06
7.6262034768e+00 7.0326595000e+06
7.6723785115e+00 6.9973695000e+06
7.7185535462e+00 6.9763085000e+06
7.7647285809e+00 6.9388725000e+06
7.8109036156e+00 6.8917740000e+06
7.8570786502e+00 6.8409655000e+06
7.9032536849e+00 6.8003340000e+06
7.9494287196e+00 6.7859570000e+06
7.9956037543e+00 6.7782825000e+06
8.0417787890e+00 6.7455810000e+06
8.0879538237e+00 6.7153180000e+06
8.1341288584e+00 6.6818465000e+06
8.1803038931e+00 6.6545495000e+06
8.2264789278e+00 6.6339695000e+06
8.2726539625e+00 6.6149955000e+06
8.3188289971e+00 6.5791520000e+06
8.3650040318e+00 6.5552855000e+06
8.4111790665e+00 6.5551875000e+06
8.4573541012e+00 6.5226400000e+06
8.5035291359e+00 6.5520520000e+06
8.5497041706e+00 6.5284065000e+06
8.5958792053e+00 6.5084330000e+06
8.6420542400e+00 6.4779420000e+06
8.6882292747e+00 6.4673305000e+06
8.7344043094e+00 6.4491920000e+06
8.7805793440e+00 6.4353710000e+06
8.8267543787e+00 6.4371085000e+06
8.8729294134e+00 6.4383500000e+06
8.9191044481e+00 6.4179730000e+06
8.9652794828e+00 6.4194075000e+06
9.0114545175e+00 6.4242065000e+06
9.0576295522e+00 6.4172770000e+06
9.1038045869e+00 6.4107410000e+06
9.1499796216e+00 6.4197330000e+06
9.1961546563e+00 6.4289415000e+06
9.2423296909e+00 6.4258845000e+06
9.2885047256e+00 6.4267095000e+06
9.3346797603e+00 6.4271105000e+06
9.3808547950e+00 6.4308555000e+06
9.4270298297e+00 6.4311975000e+06
9.4732048644e+00 6.4568795000e+06
9.5193798991e+00 6.4719985000e+06
9.5655549338e+00 6.4909065000e+06
9.6117299685e+00 6.4984900000e+06
9.6579050032e+00 6.5000030000e+06
9.7040800378e+00 6.5292120000e+06
9.7502550725e+00 6.5480250000e+06
9.7964301072e+00 6.5509595000e+06
9.8426051419e+00 6.5646820000e+06
9.8887801766e+00 6.5911040000e+06
9.9349552113e+00 6.6164360000e+06
9.9811302460e+00 6.6345255000e+06
1.0027305281e+01 6.6610300000e+06
1.0073480315e+01 6.6783515000e+06
1.0119655350e+01 6.7244330000e+06
1.0165830385e+01 6.7497010000e+06
1.0212005419e+01 6.7603955000e+06
1.0258180454e+01 6.7954835000e+06
1.0304355489e+01 6.8186050000e+06
1.0350530524e+01 6.8436460000e+06
1.0396705558e+01 6.8702145000e+06
1.0442880593e+01 6.9056175000e+06
1.0489055628e+01 6.9517780000e+06
1.0535230662e+01 6.9802970000e+06
1.0581405697e+01 7.0122115000e+06
1.0627580732e+01 7.0386010000e+06
1.0673755766e+01 7.0844215000e+06
1.0719930801e+01 7.1316455000e+06
1.0766105836e+01 7.1620360000e+06
1.0812280870e+01 7.2034425000e+06
1.0858455905e+01 7.2353270000e+06
1.0904630940e+01 7.2737005000e+06
1.0950805974e+01 7.3268930000e+06
1.0996981009e+01 7.3656170000e+06
1.1043156044e+01 7.3851605000e+06
1.1089331079e+01 7.4441430000e+06
1.1135506113e+01 7.4918650000e+06
1.1181681148e+01 7.5252945000e+06
1.1227856183e+01 7.5755320000e+06
1.1274031217e+01 7.6226895000e+06
1.1320206252e+01 7.6688680000e+06
1.1366381287e+01 7.6999615000e+06
1.1412556321e+01 7.7246120000e+06
1.1458731356e+01 7.7889470000e+06
1.1504906391e+01 7.8420270000e+06
1.1551081425e+01 7.8915130000e+06
1.1597256460e+01 7.9448665000e+06
1.1643431495e+01 7.9835260000e+06
1.1689606530e+01 8.0348250000e+06
1.1735781564e+01 8.0791535000e+06
1.1781956599e+01 8.1147995000e+06
1.1828131634e+01 8.1561315000e+06
1.1874306668e+01 8.2146305000e+06
1.1920481703e+01 8.2794145000e+06
1.1966656738e+01 8.3353420000e+06
1.2012831772e+01 8.4360020000e+06
1.2059006807e+01 8.6241480000e+06
1.2105181842e+01 9.0891640000e+06
1.2151356876e+01 9.6546400000e+06
1.2197531911e+01 1.0052938000e+07
1.2243706946e+01 1.0207525000e+07
1.2289881980e+01 1.0048457000e+07
1.2336057015e+01 9.7100360000e+06
1.2382232050e+01 9.4497970000e+06
1.2428407085e+01 9.3043810000e+06
1.2474582119e+01 9.2429420000e+06
1.2520757154e+01 9.2471580000e+06
1.2566932189e+01 9.2980060000e+06
1.2613107223e+01 9.5407320000e+06
1.2659282258e+01 1.0211458000e+07
1.2705457293e+01 1.1325585000e+07
1.2751632327e+01 1.2321101000e+07
1.2797807362e+01 1.2581737000e+07
1.2843982397e+01 1.2138674000e+07
1.2890157431e+01 1.1118888000e+07
1.2936332466e+01 1.0050355000e+07
1.2982507501e+01 9.5758010000e+06
1.3028682536e+01 9.4616620000e+06
1.3074857570e+01 9.4648880000e+06
1.3121032605e+01 9.4826900000e+06
1.3167207640e+01 9.5121190000e+06
1.3213382674e+01 9.5424020000e+06
1.3259557709e+01 9.5828650000e+06
1.3305732744e+01 9.6159190000e+06
1.3351907778e+01 9.6478330000e+06
1.3398082813e+01 9.6621620000e+06
1.3444257848e+01 9.7162400000e+06
1.3490432882e+01 9.7526230000e+06
1.3536607917e+01 9.7940960000e+06
1.3582782952e+01 9.8461990000e+06
1.3628957986e+01 9.9079090000e+06
1.3675133021e+01 9.9597490000e+06
1.3721308056e+01 1.0012757000e+07
1.3767483091e+01 1.0060908000e+07
1.3813658125e+01 1.0119829000e+07
1.3859833160e+01 1.0175662000e+07
1.3906008195e+01 1.0240867000e+07
1.3952183229e+01 1.0319017000e+07
1.3998358264e+01 1.0382608000e+07
1.4044533299e+01 1.0471220000e+07
1.4090708333e+01 1.0545547000e+07
1.4136883368e+01 1.0636066000e+07
1.4183058403e+01 1.0711657000e+07
1.4229233437e+01 1.0798374000e+07
1.4275408472e+01 1.0885728000e+07
1.4321583507e+01 1.0993683000e+07
1.4367758542e+01 1.1118980000e+07
1.4413933576e+01 1.1315063000e+07
1.4460108611e+01 1.1726679000e+07
1.4506283646e+01 1.2933961000e+07
1.4552458680e+01 1.5278808000e+07
1.4598633715e+01 1.7789326000e+07
1.4644808750e+01 1.9462520000e+07
1.4690983784e+01 1.9589500000e+07
1.4737158819e+01 1.7827300000e+07
1.4783333854e+01 1.5420221000e+07
1.4829508888e+01 1.3518357000e+07
1.4875683923e+01 1.2323149000e+07
1.4921858958e+01 1.1901165000e+07
1.4968033993e+01 1.1805239000e+07
1.5014209027e+01 1.1833709000e+07
1.5060384062e+01 1.1829625000e+07
1.5106559097e+01 1.1860509000e+07
1.5152734131e+01 1.1897951000e+07
1.5198909166e+01 1.1950673000e+07
1.5245084201e+01 1.2011225000e+07
1.5291259235e+01 1.2055434000e+07
1.5337434270e+01 1.2095435000e+07
1.5383609305e+01 1.2151646000e+07
1.5429784339e+01 1.2207263000e+07
1.5475959374e+01 1.2257933000e+07
1.5522134409e+01 1.2332505000e+07
1.5568309443e+01 1.2403025000e+07
1.5614484478e+01 1.2465908000e+07
1.5660659513e+01 1.2516192000e+07
1.5706834548e+01 1.2605764000e+07
1.5753009582e+01 1.2674906000e+07
1.5799184617e+01 1.2726943000e+07
1.5845359652e+01 1.2838022000e+07
1.5891534686e+01 1.2922260000e+07
1.5937709721e+01 1.3034799000e+07
1.5983884756e+01 1.3283256000e+07
1.6030059790e+01 1.3645312000e+07
1.6076234825e+01 1.3898334000e+07
1.6122409860e+01 1.4000228000e+07
1.6168584894e+01 1.3980227000e+07
1.6214759929e+01 1.3819634000e+07
1.6260934964e+01 1.3737849000e+07
1.6307109999e+01 1.3715791000e+07
1.6353285033e+01 1.3717326000e+07
1.6399460068e+01 1.3747997000e+07
1.6445635103e+01 1.3795873000e+07
1.6491810137e+01 1.3847843000e+07
1.6537985172e+01 1.3920528000e+07
1.6584160207e+01 1.4045759000e+07
1.6630335241e+01 1.4266023000e+07
1.6676510276e+01 1.4638310000e+07
1.6722685311e+01 1.5016148000e+07
1.6768860345e+01 1.5190789000e+07
1.6815035380e+01 1.5147836000e+07
1.6861210415e+01 1.4952803000e+07
1.6907385449e+01 1.4707991000e+07
1.6953560484e+01 1.4698436000e+07
1.6999735519e+01 1.4829319000e+07
1.7045910554e+01 1.4898568000e+07
1.7092085588e+01 1.4826422000e+07
1.7138260623e+01 1.4685709000e+07
1.7184435658e+01 1.4521853000e+07
1.7230610692e+01 1.4435194000e+07
1.7276785727e+01 1.4444363000e+07
1.7322960762e+01 1.4465819000e+07
1.7369135796e+01 1.4455880000e+07
1.7415310831e+01 1.4440103000e+07
1.7461485866e+01 1.4429785000e+07
1.7507660900e+01 1.4442618000e+07
1.7553835935e+01 1.4421535000e+07
1.7600010970e+01 1.4407912000e+07
1.7646186005e+01 1.4426075000e+07
1.7692361039e+01 1.4389467000e+07
1.7738536074e+01 1.4381919000e+07
1.7784711109e+01 1.4403888000e+07
1.7830886143e+01 1.4439651000e+07
1.7877061178e+01 1.4598005000e+07
1.7923236213e+01 1.5077950000e+07
1.7969411247e+01 1.6292831000e+07
1.8015586282e+01 1.8167240000e+07
1.8061761317e+01 2.0056894000e+07
1.8107936351e+01 2.1616316000e+07
1.8154111386e+01 2.2348936000e+07
1.8200286421e+01 2.1659862000e+07
1.8246461455e+01 2.0082558000e+07
1.8292636490e+01 1.8329466000e+07
1.8338811525e+01 1.6424236000e+07
1.8384986560e+01 1.5015927000e+07
1.8431161594e+01 1.4147018000e+07
1.8477336629e+01 1.3524173000e+07
1.8523511664e+01 1.3105531000e+07
1.8569686698e+01 1.2916972000e+07
1.8615861733e+01 1.2857947000e+07
1.8662036768e+01 1.2899894000e+07
1.8708211802e+01 1.2903167000e+07
1.8754386837e+01 1.2757258000e+07
1.8800561872e+01 1.2504199000e+07
1.8846736906e+01 1.2153347000e+07
1.8892911941e+01 1.1732857000e+07
1.8939086976e+01 1.1414196000e+07
1.8985262011e+01 1.1193987000e+07
1.9031437045e+01 1.0966541000e+07
1.9077612080e+01 1.0754088000e+07
1.9123787115e+01 1.0560279000e+07
1.9169962149e+01 1.0373678000e+07
1.9216137184e+01 1.0199505000e+07
1.9262312219e+01 1.0010316000e+07
1.9308487253e+01 9.8411340000e+06
1.9354662288e+01 9.6500850000e+06
1.9400837323e+01 9.4844270000e+06
1.9447012357e+01 9.3103420000e+06
1.9493187392e+01 9.1246510000e+06
1.9539362427e+01 8.9490070000e+06
1.9585537462e+01 8.7900740000e+06
1.9631712496e+01 8.6144990000e+06
1.9677887531e+01 8.4448830000e+06
1.9724062566e+01 8.2893810000e+06
1.9770237600e+01 8.1315420000e+06
1.9816412635e+01 7.9956310000e+06
1.9862587670e+01 7.8558375000e+06
1.9908762704e+01 7.7039815000e+06
1.9954937739e+01 7.5613345000e+06
2.0001112774e+01 7.4438945000e+06
2.0047287808e+01 7.2927340000e+06
2.0093462843e+01 7.1776460000e+06
2.0139637878e+01 7.0827290000e+06
2.0185812912e+01 6.9307165000e+06
2.0231987947e+01 6.7944270000e+06
2.0278162982e+01 6.6817820000e+06
2.0324338017e+01 6.5660990000e+06
2.0370513051e+01 6.4558160000e+06
2.0416688086e+01 6.3498720000e+06
2.0462863121e+01 6.2508820000e+06
2.0509038155e+01 6.1568890000e+06
2.0555213190e+01 6.0974170000e+06
2.0601388225e+01 6.0351740000e+06
2.0647563259e+01 5.9658785000e+06
2.0693738294e+01 5.9081970000e+06
2.0739913329e+01 5.8669215000e+06
2.0786088363e+01 5.9653815000e+06
2.0832263398e+01 6.4135735000e+06
2.0878438433e+01 7.4219555000e+06
2.0924613468e+01 8.5501320000e+06
2.0970788502e+01 9.1419910000e+06
2.1016963537e+01 9.0411440000e+06
2.1063138572e+01 8.2741225000e+06
2.1109313606e+01 7.3237460000e+06
2.1155488641e+01 6.8548315000e+06
2.1201663676e+01 6.8515125000e+06
2.1247838710e+01 7.0921085000e+06
2.1294013745e+01 7.2312570000e+06
2.1340188780e+01 7.1054000000e+06
2.1386363814e+01 6.7874195000e+06
2.1432538849e+01 6.3527640000e+06
2.1478713884e+01 6.0623035000e+06
2.1524888918e+01 6.1173320000e+06
2.1571063953e+01 6.6421965000e+06
2.1617238988e+01 7.5936295000e+06
2.1663414023e+01 8.3156885000e+06
2.1709589057e+01 8.3070325000e+06
2.1755764092e+01 7.6260820000e+06
2.1801939127e+01 6.4508700000e+06
2.1848114161e+01 5.3521580000e+06
2.1894289196e+01 4.7746320000e+06
2.1940464231e+01 4.5496965000e+06
2.1986639265e+01 4.4391535000e+06
2.2032814300e+01 4.3775990000e+06
2.2078989335e+01 4.3280685000e+06
2.2125164369e+01 4.2951205000e+06
2.2171339404e+01 4.2608610000e+06
2.2217514439e+01 4.2315470000e+06
2.2263689474e+01 4.2020545000e+06
2.2309864508e+01 4.1683415000e+06
2.2356039543e+01 4.1428980000e+06
2.2402214578e+01 4.1327885000e+06
2.2448389612e+01 4.1395032500e+06
2.2494564647e+01 4.1852377500e+06
2.2540739682e+01 4.3211085000e+06
2.2586914716e+01 4.6630605000e+06
2.2633089751e+01 5.1110110000e+06
2.2679264786e+01 5.4048575000e+06
2.2725439820e+01 5.4347360000e+06
2.2771614855e+01 5.1895635000e+06
2.2817789890e+01 4.7480830000e+06
2.2863964924e+01 4.3889995000e+06
2.2910139959e+01 4.1862747500e+06
2.2956314994e+01 4.0718132500e+06
2.3002490029e+01 4.0061120000e+06
2.3048665063e+01 3.9782570000e+06
2.3094840098e+01 3.9921425000e+06
2.3141015133e+01 4.0670030000e+06
2.3187190167e+01 4.2227280000e+06
2.3233365202e+01 4.3553045000e+06
2.3279540237e+01 4.3677315000e+06
2.3325715271e+01 4.2586530000e+06
2.3371890306e+01 4.0589375000e+06
2.3418065341e+01 3.8761352500e+06
2.3464240375e+01 3.7701865000e+06
2.3510415410e+01 3.7281905000e+06
2.3556590445e+01 3.7011272500e+06
2.3602765480e+01 3.6763092500e+06
2.3648940514e+01 3.6666815000e+06
2.3695115549e+01 3.6631895000e+06
2.3741290584e+01 3.6555542500e+06
2.3787465618e+01 3.6450567500e+06
2.3833640653e+01 3.6376557500e+06
2.3879815688e+01 3.6294827500e+06
2.3925990722e+01 3.6154617500e+06
2.3972165757e+01 3.5985897500e+06
2.4018340792e+01 3.5906467500e+06
2.4064515826e+01 3.5952010000e+06
2.4110690861e+01 3.5968655000e+06
2.4156865896e+01 3.6073785000e+06
2.4203040931e+01 3.6256050000e+06
2.4249215965e+01 3.6336122500e+06
2.4295391000e+01 3.6355820000e+06
2.4341566035e+01 3.6225332500e+06
2.4387741069e+01 3.5923782500e+06
2.4433916104e+01 3.5778575000e+06
2.4480091139e+01 3.5688797500e+06
2.4526266173e+01 3.5669787500e+06
2.4572441208e+01 3.5760745000e+06
2.4618616243e+01 3.5814302500e+06
2.4664791277e+01 3.6012560000e+06
2.4710966312e+01 3.6457245000e+06
2.4757141347e+01 3.7425745000e+06
2.4803316381e+01 3.9699392500e+06
2.4849491416e+01 4.5362525000e+06
2.4895666451e+01 5.7073715000e+06
2.4941841486e+01 7.1008055000e+06
2.4988016520e+01 8.0125565000e+06
2.5034191555e+01 8.1489175000e+06
2.5080366590e+01 7.4767135000e+06
2.5126541624e+01 6.3357675000e+06
2.5172716659e+01 5.4702965000e+06
2.5218891694e+01 5.1009080000e+06
2.5265066728e+01 5.7673615000e+06
2.5311241763e+01 1.1546817000e+07
2.5357416798e+01 1.9642386000e+07
2.5403591832e+01 1.4195299000e+07
2.5449766867e+01 7.1024590000e+06
2.5495941902e+01 5.9193440000e+06
2.5542116937e+01 6.5328230000e+06
2.5588291971e+01 8.1215180000e+06
2.5634467006e+01 9.4761240000e+06
2.5680642041e+01 9.7609750000e+06
2.5726817075e+01 8.8781670000e+06
2.5772992110e+01 7.2195460000e+06
2.5819167145e+01 5.5754940000e+06
2.5865342179e+01 4.6205790000e+06
2.5911517214e+01 4.2119780000e+06
2.5957692249e+01 4.0870457500e+06
2.6003867283e+01 4.1248917500e+06
2.6050042318e+01 4.3609800000e+06
2.6096217353e+01 4.7367805000e+06
2.6142392387e+01 4.9914030000e+06
2.6188567422e+01 4.9638420000e+06
2.6234742457e+01 4.6626620000e+06
2.6280917492e+01 4.1778487500e+06
2.6327092526e+01 3.7655210000e+06
2.6373267561e+01 3.5873610000e+06
2.6419442596e+01 3.5992955000e+06
2.6465617630e+01 3.7644250000e+06
2.6511792665e+01 3.9729230000e+06
2.6557967700e+01 4.0961270000e+06
2.6604142734e+01 4.0867595000e+06
2.6650317769e+01 3.9470225000e+06
2.6696492804e+01 3.7565447500e+06
2.6742667838e+01 3.6303940000e+06
2.6788842873e+01 3.5559402500e+06
2.6835017908e+01 3.5193365000e+06
2.6881192943e+01 3.5177930000e+06
2.6927367977e+01 3.5621977500e+06
2.6973543012e+01 3.7141617500e+06
2.7019718047e+01 3.9485140000e+06
2.7065893081e+01 4.1081120000e+06
2.7112068116e+01 4.1245265000e+06
2.7158243151e+01 4.0115575000e+06
2.7204418185e+01 3.8224025000e+06
2.7250593220e+01 3.6831832500e+06
2.7296768255e+01 3.6447885000e+06
2.7342943289e+01 3.6724000000e+06
2.7389118324e+01 3.7753420000e+06
2.7435293359e+01 3.9198445000e+06
2.7481468393e+01 4.0094207500e+06
2.7527643428e+01 4.0031532500e+06
2.7573818463e+01 3.9675697500e+06
2.7619993498e+01 3.9881580000e+06
2.7666168532e+01 4.1707822500e+06
2.7712343567e+01 4.4806175000e+06
2.7758518602e+01 4.7911655000e+06
2.7804693636e+01 4.9422045000e+06
2.7850868671e+01 4.8634690000e+06
2.7897043706e+01 4.6405225000e+06
2.7943218740e+01 4.3289480000e+06
2.7989393775e+01 4.0574952500e+06
2.8035568810e+01 3.9087192500e+06
2.8081743844e+01 3.8253097500e+06
2.8127918879e+01 3.7798690000e+06
2.8174093914e+01 3.7674165000e+06
2.8220268949e+01 3.7915200000e+06
2.8266443983e+01 3.8589382500e+06
2.8312619018e+01 3.9894617500e+06
2.8358794053e+01 4.1601310000e+06
2.8404969087e+01 4.2633740000e+06
2.8451144122e+01 4.2555875000e+06
2.8497319157e+01 4.1715055000e+06
2.8543494191e+01 4.0599345000e+06
2.8589669226e+01 4.0191112500e+06
2.8635844261e+01 4.0966997500e+06
2.8682019295e+01 4.3026325000e+06
2.8728194330e+01 4.5282215000e+06
2.8774369365e+01 4.6287375000e+06
2.8820544400e+01 4.6172940000e+06
2.8866719434e+01 4.5072545000e+06
2.8912894469e+01 4.3732945000e+06
2.8959069504e+01 4.3480870000e+06
2.9005244538e+01 4.4403050000e+06
2.9051419573e+01 4.6469275000e+06
2.9097594608e+01 4.9647175000e+06
2.9143769642e+01 5.3299690000e+06
2.9189944677e+01 5.6598295000e+06
2.9236119712e+01 5.8905755000e+06
2.9282294746e+01 6.0457330000e+06
2.9328469781e+01 6.1899070000e+06
2.9374644816e+01 6.3686130000e+06
2.9420819850e+01 6.4906515000e+06
2.9466994885e+01 6.5065545000e+06
2.9513169920e+01 6.4174020000e+06
2.9559344955e+01 6.2826110000e+06
2.9605519989e+01 6.1981670000e+06
2.9651695024e+01 6.2132750000e+06
2.9697870059e+01 6.2934700000e+06
2.9744045093e+01 6.3992700000e+06
2.9790220128e+01 6.5268130000e+06
2.9836395163e+01 6.6506955000e+06
2.9882570197e+01 6.7558925000e+06
2.9928745232e+01 6.8486155000e+06
2.9974920267e+01 6.9232845000e+06
3.0021095301e+01 6.9893215000e+06
3.0067270336e+01 7.0757365000e+06
3.0113445371e+01 7.1567470000e+06
3.0159620406e+01 7.1864850000e+06
3.0205795440e+01 7.1843515000e+06
3.0251970475e+01 7.1462285000e+06
3.0298145510e+01 7.0726455000e+06
3.0344320544e+01 7.0314105000e+06
3.0390495579e+01 6.9921715000e+06
3.0436670614e+01 6.9589125000e+06
3.0482845648e+01 6.9074155000e+06
3.0529020683e+01 6.8623695000e+06
3.0575195718e+01 6.7918085000e+06
3.0621370752e+01 6.7230555000e+06
3.0667545787e+01 6.6834910000e+06
3.0713720822e+01 6.6554210000e+06
3.0759895856e+01 6.6456760000e+06
3.0806070891e+01 6.6401945000e+06
3.0852245926e+01 6.6321165000e+06
3.0898420961e+01 6.5892650000e+06
3.0944595995e+01 6.5017590000e+06
3.0990771030e+01 6.3876525000e+06
3.1036946065e+01 6.3028380000e+06
3.1083121099e+01 6.2742350000e+06
3.1129296134e+01 6.3256710000e+06
3.1175471169e+01 6.3813135000e+06
3.1221646203e+01 6.3828720000e+06
3.1267821238e+01 6.2670595000e+06
3.1313996273e+01 6.0592895000e+06
3.1360171307e+01 5.8236890000e+06
3.1406346342e+01 5.6285595000e+06
3.1452521377e+01 5.5015265000e+06
3.1498696412e+01 5.4236250000e+06
3.1544871446e+01 5.3649800000e+06
3.1591046481e+01 5.3220685000e+06
3.1637221516e+01 5.3120985000e+06
3.1683396550e+01 5.3343665000e+06
3.1729571585e+01 5.3845390000e+06
3.1775746620e+01 5.4305295000e+06
3.1821921654e+01 5.4061990000e+06
3.1868096689e+01 5.2922315000e+06
3.1914271724e+01 5.1546145000e+06
3.1960446758e+01 5.0245450000e+06
3.2006621793e+01 4.9337005000e+06
3.2052796828e+01 4.8854810000e+06
3.2098971862e+01 4.8654005000e+06
3.2145146897e+01 4.8506140000e+06
3.2191321932e+01 4.8331485000e+06
3.2237496967e+01 4.7924175000e+06
3.2283672001e+01 4.7381410000e+06
3.2329847036e+01 4.6845170000e+06
3.2376022071e+01 4.6503075000e+06
3.2422197105e+01 4.6290435000e+06
3.2468372140e+01 4.6237005000e+06
3.2514547175e+01 4.6300290000e+06
3.2560722209e+01 4.6216510000e+06
3.2606897244e+01 4.5807200000e+06
3.2653072279e+01 4.5370355000e+06
3.2699247313e+01 4.4961120000e+06
3.2745422348e+01 4.4598165000e+06
3.2791597383e+01 4.4283675000e+06
3.2837772418e+01 4.4034715000e+06
3.2883947452e+01 4.3822210000e+06
3.2930122487e+01 4.3589320000e+06
3.2976297522e+01 4.3490350000e+06
3.3022472556e+01 4.3408000000e+06
3.3068647591e+01 4.3251015000e+06
3.3114822626e+01 4.3149635000e+06
3.3160997660e+01 4.3173155000e+06
3.3207172695e+01 4.3280855000e+06
3.3253347730e+01 4.3383405000e+06
3.3299522764e+01 4.3521775000e+06
3.3345697799e+01 4.3551810000e+06
3.3391872834e+01 4.3548990000e+06
3.3438047869e+01 4.3535005000e+06
3.3484222903e+01 4.3661800000e+06
3.3530397938e+01 4.3850535000e+06
3.3576572973e+01 4.3846440000e+06
3.3622748007e+01 4.3546520000e+06
3.3668923042e+01 4.3218450000e+06
3.3715098077e+01 4.3093560000e+06
3.3761273111e+01 4.3410685000e+06
3.3807448146e+01 4.4105680000e+06
3.3853623181e+01 4.5191185000e+06
3.3899798215e+01 4.7167900000e+06
3.3945973250e+01 5.0421955000e+06
3.3992148285e+01 5.4362645000e+06
3.4038323319e+01 5.7478800000e+06
3.4084498354e+01 5.8192960000e+06
3.4130673389e+01 5.6252145000e+06
3.4176848424e+01 5.2757400000e+06
3.4223023458e+01 4.9233645000e+06
3.4269198493e+01 4.6964005000e+06
3.4315373528e+01 4.5777870000e+06
3.4361548562e+01 4.5051260000e+06
3.4407723597e+01 4.4715985000e+06
3.4453898632e+01 4.4617100000e+06
3.4500073666e+01 4.5158040000e+06
3.4546248701e+01 4.6602820000e+06
3.4592423736e+01 4.8926260000e+06
3.4638598770e+01 5.2043010000e+06
3.4684773805e+01 5.4267360000e+06
3.4730948840e+01 5.4837160000e+06
3.4777123875e+01 5.3630545000e+06
3.4823298909e+01 5.1229150000e+06
3.4869473944e+01 4.9221885000e+06
3.4915648979e+01 4.8306300000e+06
3.4961824013e+01 4.7814670000e+06
3.5007999048e+01 4.7203775000e+06
3.5054174083e+01 4.6376400000e+06
3.5100349117e+01 4.5532210000e+06
3.5146524152e+01 4.4815605000e+06
3.5192699187e+01 4.4181900000e+06
3.5238874221e+01 4.3720330000e+06
3.5285049256e+01 4.3360000000e+06
3.5331224291e+01 4.3188540000e+06
3.5377399325e+01 4.3102235000e+06
3.5423574360e+01 4.3227900000e+06
3.5469749395e+01 4.3530365000e+06
3.5515924430e+01 4.4049960000e+06
3.5562099464e+01 4.5239165000e+06
3.5608274499e+01 4.6728505000e+06
3.5654449534e+01 4.7696465000e+06
3.5700624568e+01 4.7650175000e+06
3.5746799603e+01 4.6730850000e+06
3.5792974638e+01 4.5457285000e+06
3.5839149672e+01 4.4742865000e+06
3.5885324707e+01 4.4822335000e+06
3.5931499742e+01 4.5796325000e+06
3.5977674776e+01 4.8219315000e+06
3.6023849811e+01 5.1996850000e+06
3.6070024846e+01 5.7798100000e+06
3.6116199881e+01 6.4493305000e+06
3.6162374915e+01 6.9875445000e+06
3.6208549950e+01 7.2249535000e+06
3.6254724985e+01 7.1191375000e+06
3.6300900019e+01 6.8420055000e+06
3.6347075054e+01 6.5628410000e+06
3.6393250089e+01 6.2778660000e+06
3.6439425123e+01 5.9564395000e+06
3.6485600158e+01 5.5850855000e+06
3.6531775193e+01 5.1919575000e+06
3.6577950227e+01 4.9335945000e+06
3.6624125262e+01 4.8749445000e+06
3.6670300297e+01 4.8742625000e+06
3.6716475332e+01 4.8128580000e+06
3.6762650366e+01 4.6646000000e+06
3.6808825401e+01 4.4700800000e+06
3.6855000436e+01 4.2888010000e+06
3.6901175470e+01 4.1884495000e+06
3.6947350505e+01 4.1448690000e+06
3.6993525540e+01 4.1202800000e+06
3.7039700574e+01 4.1092617500e+06
3.7085875609e+01 4.1220432500e+06
3.7132050644e+01 4.1402092500e+06
3.7178225678e+01 4.1811052500e+06
3.7224400713e+01 4.2548775000e+06
3.7270575748e+01 4.3715195000e+06
3.7316750782e+01 4.4825245000e+06
3.7362925817e+01 4.5267450000e+06
3.7409100852e+01 4.4784515000e+06
3.7455275887e+01 4.3674135000e+06
3.7501450921e+01 4.2522250000e+06
3.7547625956e+01 4.2107840000e+06
3.7593800991e+01 4.2862475000e+06
3.7639976025e+01 4.4837665000e+06
3.7686151060e+01 4.7017190000e+06
3.7732326095e+01 4.8221860000e+06
3.7778501129e+01 4.7783350000e+06
3.7824676164e+01 4.6157565000e+06
3.7870851199e+01 4.4233910000e+06
3.7917026233e+01 4.3508525000e+06
3.7963201268e+01 4.4343640000e+06
3.8009376303e+01 4.5980070000e+06
3.8055551338e+01 4.7317015000e+06
3.8101726372e+01 4.7808265000e+06
3.8147901407e+01 4.7622155000e+06
3.8194076442e+01 4.7403030000e+06
3.8240251476e+01 4.7440390000e+06
3.8286426511e+01 4.6946120000e+06
3.8332601546e+01 4.5851165000e+06
3.8378776580e+01 4.4011535000e+06
3.8424951615e+01 4.2204805000e+06
3.8471126650e+01 4.0916952500e+06
3.8517301684e+01 4.0134490000e+06
3.8563476719e+01 3.9879307500e+06
3.8609651754e+01 4.0438947500e+06
3.8655826788e+01 4.2166775000e+06
3.8702001823e+01 4.4786410000e+06
3.8748176858e+01 4.6755405000e+06
3.8794351893e+01 4.7476245000e+06
3.8840526927e+01 4.6295405000e+06
3.8886701962e+01 4.3874675000e+06
3.8932876997e+01 4.1593590000e+06
3.8979052031e+01 4.0189090000e+06
3.9025227066e+01 3.9401500000e+06
3.9071402101e+01 3.8938472500e+06
3.9117577135e+01 3.8615457500e+06
3.9163752170e+01 3.8421837500e+06
3.9209927205e+01 3.8152357500e+06
3.9256102239e+01 3.8009345000e+06
3.9302277274e+01 3.7977037500e+06
3.9348452309e+01 3.7972412500e+06
3.9394627344e+01 3.7845037500e+06
3.9440802378e+01 3.7637222500e+06
3.9486977413e+01 3.7420142500e+06
3.9533152448e+01 3.7520732500e+06
3.9579327482e+01 3.7894765000e+06
3.9625502517e+01 3.8752300000e+06
3.9671677552e+01 4.0416515000e+06
3.9717852586e+01 4.3094680000e+06
3.9764027621e+01 4.6301310000e+06
3.9810202656e+01 4.9632250000e+06
3.9856377690e+01 5.2270315000e+06
3.9902552725e+01 5.3659690000e+06
3.9948727760e+01 5.3928370000e+06
3.9994902794e+01 5.2200335000e+06
4.0041077829e+01 4.8810735000e+06
4.0087252864e+01 4.4591415000e+06
4.0133427899e+01 4.0478242500e+06
4.0179602933e+01 3.7613000000e+06
4.0225777968e+01 3.6070380000e+06
4.0271953003e+01 3.5220992500e+06
4.0318128037e+01 3.4720075000e+06
4.0364303072e+01 3.4429457500e+06
4.0410478107e+01 3.4193937500e+06
4.0456653141e+01 3.3948470000e+06
4.0502828176e+01 3.3832532500e+06
4.0549003211e+01 3.3802390000e+06
4.0595178245e+01 3.3721335000e+06
4.0641353280e+01 3.3581347500e+06
4.0687528315e+01 3.3482617500e+06
4.0733703350e+01 3.3415060000e+06
4.0779878384e+01 3.3267772500e+06
4.0826053419e+01 3.3186652500e+06
4.0872228454e+01 3.3158520000e+06
4.0918403488e+01 3.3092187500e+06
4.0964578523e+01 3.3066337500e+06
4.1010753558e+01 3.3024262500e+06
4.1056928592e+01 3.3059167500e+06
4.1103103627e+01 3.3154295000e+06
4.1149278662e+01 3.3410382500e+06
4.1195453696e+01 3.3937595000e+06
4.1241628731e+01 3.4775307500e+06
4.1287803766e+01 3.6259075000e+06
4.1333978801e+01 3.8503345000e+06
4.1380153835e+01 4.0438542500e+06
4.1426328870e+01 4.1314200000e+06
4.1472503905e+01 4.0706357500e+06
4.1518678939e+01 3.8766515000e+06
4.1564853974e+01 3.6824027500e+06
4.1611029009e+01 3.5671942500e+06
4.1657204043e+01 3.5343322500e+06
4.1703379078e+01 3.5638700000e+06
4.1749554113e+01 3.6547387500e+06
4.1795729147e+01 3.8255235000e+06
4.1841904182e+01 4.1118890000e+06
4.1888079217e+01 4.4548660000e+06
4.1934254251e+01 4.7163575000e+06
4.1980429286e+01 4.7764355000e+06
4.2026604321e+01 4.6184710000e+06
4.2072779356e+01 4.3952830000e+06
4.2118954390e+01 4.2222480000e+06
4.2165129425e+01 4.1011662500e+06
4.2211304460e+01 4.0052332500e+06
4.2257479494e+01 3.9014112500e+06
4.2303654529e+01 3.7799905000e+06
4.2349829564e+01 3.6792875000e+06
4.2396004598e+01 3.6065430000e+06
4.2442179633e+01 3.5531762500e+06
4.2488354668e+01 3.5201627500e+06
4.2534529702e+01 3.5320272500e+06
4.2580704737e+01 3.5779507500e+06
4.2626879772e+01 3.6326875000e+06
4.2673054807e+01 3.7110012500e+06
4.2719229841e+01 3.8413382500e+06
4.2765404876e+01 4.0442330000e+06
4.2811579911e+01 4.2554385000e+06
4.2857754945e+01 4.3535935000e+06
4.2903929980e+01 4.2702870000e+06
4.2950105015e+01 4.0424975000e+06
4.2996280049e+01 3.7866802500e+06
4.3042455084e+01 3.5918645000e+06
4.3088630119e+01 3.4864740000e+06
4.3134805153e+01 3.4476127500e+06
4.3180980188e+01 3.4562290000e+06
4.3227155223e+01 3.5289167500e+06
4.3273330257e+01 3.6573995000e+06
4.3319505292e+01 3.8094980000e+06
4.3365680327e+01 3.8959490000e+06
4.3411855362e+01 3.8436120000e+06
4.3458030396e+01 3.6730885000e+06
4.3504205431e+01 3.4460370000e+06
4.3550380466e+01 3.2736150000e+06
4.3596555500e+01 3.1935967500e+06
4.3642730535e+01 3.1592570000e+06
4.3688905570e+01 3.1495052500e+06
4.3735080604e+01 3.1497422500e+06
4.3781255639e+01 3.1614475000e+06
4.3827430674e+01 3.1994530000e+06
4.3873605708e+01 3.2648795000e+06
4.3919780743e+01 3.3400560000e+06
4.3965955778e+01 3.4615282500e+06
4.4012130813e+01 3.5985970000e+06
4.4058305847e+01 3.7345692500e+06
4.4104480882e+01 3.7434777500e+06
4.4150655917e+01 3.6417182500e+06
4.4196830951e+01 3.4643925000e+06
4.4243005986e+01 3.2752365000e+06
4.4289181021e+01 3.1593032500e+06
4.4335356055e+01 3.1185950000e+06
4.4381531090e+01 3.1205885000e+06
4.4427706125e+01 3.1330142500e+06
4.4473881159e+01 3.1367040000e+06
4.4520056194e+01 3.1154600000e+06
4.4566231229e+01 3.0965615000e+06
4.4612406263e+01 3.1081342500e+06
4.4658581298e+01 3.1614365000e+06
4.4704756333e+01 3.2267070000e+06
4.4750931368e+01 3.2689365000e+06
4.4797106402e+01 3.2561212500e+06
4.4843281437e+01 3.2051842500e+06
4.4889456472e+01 3.1486327500e+06
4.4935631506e+01 3.1213842500e+06
4.4981806541e+01 3.1193820000e+06
4.5027981576e+01 3.1409702500e+06
4.5074156610e+01 3.1866650000e+06
4.5120331645e+01 3.2610657500e+06
4.5166506680e+01 3.3418815000e+06
4.5212681714e+01 3.4087865000e+06
4.5258856749e+01 3.4551815000e+06
4.5305031784e+01 3.4700032500e+06
4.5351206819e+01 3.4774815000e+06
4.5397381853e+01 3.4640595000e+06
4.5443556888e+01 3.4087287500e+06
4.5489731923e+01 3.3106605000e+06
4.5535906957e+01 3.2092265000e+06
4.5582081992e+01 3.1420412500e+06
4.5628257027e+01 3.1237765000e+06
4.5674432061e+01 3.1458112500e+06
4.5720607096e+01 3.1943842500e+06
4.5766782131e+01 3.2282362500e+06
4.5812957165e+01 3.2218865000e+06
4.5859132200e+01 3.1809097500e+06
4.5905307235e+01 3.1199277500e+06
4.5951482270e+01 3.0631712500e+06
4.5997657304e+01 3.0389502500e+06
4.6043832339e+01 3.0140755000e+06
4.6090007374e+01 2.9859935000e+06
4.6136182408e+01 2.9683967500e+06
4.6182357443e+01 2.9556222500e+06
4.6228532478e+01 2.9539422500e+06
4.6274707512e+01 2.9668290000e+06
4.6320882547e+01 3.0002705000e+06
4.6367057582e+01 3.0526395000e+06
4.6413232616e+01 3.1467472500e+06
4.6459407651e+01 3.2842502500e+06
4.6505582686e+01 3.4399305000e+06
4.6551757720e+01 3.5733970000e+06
4.6597932755e+01 3.6681995000e+06
4.6644107790e+01 3.7410217500e+06
4.6690282825e+01 3.8306292500e+06
4.6736457859e+01 3.9485002500e+06
4.6782632894e+01 4.0398330000e+06
4.6828807929e+01 4.0694045000e+06
4.6874982963e+01 4.0432267500e+06
4.6921157998e+01 3.9558500000e+06
4.6967333033e+01 3.8246115000e+06
4.7013508067e+01 3.6537380000e+06
4.7059683102e+01 3.4419332500e+06
4.7105858137e+01 3.2429247500e+06
4.7152033171e+01 3.0971507500e+06
4.7198208206e+01 3.0132147500e+06
4.7244383241e+01 2.9676782500e+06
4.7290558276e+01 2.9498062500e+06
4.7336733310e+01 2.9621325000e+06
4.7382908345e+01 2.9926905000e+06
4.7429083380e+01 3.0399537500e+06
4.7475258414e+01 3.0767562500e+06
4.7521433449e+01 3.0882195000e+06
4.7567608484e+01 3.1002195000e+06
4.7613783518e+01 3.1101947500e+06
4.7659958553e+01 3.1242375000e+06
4.7706133588e+01 3.1361392500e+06
4.7752308622e+01 3.1175145000e+06
4.7798483657e+01 3.0849170000e+06
4.7844658692e+01 3.0723752500e+06
4.7890833726e+01 3.0857722500e+06
4.7937008761e+01 3.1228175000e+06
4.7983183796e+01 3.1772125000e+06
4.8029358831e+01 3.2438747500e+06
4.8075533865e+01 3.3450917500e+06
4.8121708900e+01 3.4993132500e+06
4.8167883935e+01 3.7101832500e+06
4.8214058969e+01 3.8823210000e+06
4.8260234004e+01 3.9072957500e+06
4.8306409039e+01 3.7759527500e+06
4.8352584073e+01 3.5393665000e+06
4.8398759108e+01 3.3083062500e+06
4.8444934143e+01 3.1567922500e+06
4.8491109177e+01 3.0691785000e+06
4.8537284212e+01 3.0225522500e+06
4.8583459247e+01 2.9961655000e+06
4.8629634282e+01 2.9872962500e+06
4.8675809316e+01 2.9859082500e+06
4.8721984351e+01 2.9943710000e+06
4.8768159386e+01 3.0222097500e+06
4.8814334420e+01 3.0697855000e+06
4.8860509455e+01 3.1176837500e+06
4.8906684490e+01 3.1479275000e+06
4.8952859524e+01 3.1418547500e+06
4.8999034559e+01 3.1098420000e+06
4.9045209594e+01 3.0621952500e+06
4.9091384628e+01 3.0389327500e+06
4.9137559663e+01 3.0402417500e+06
4.9183734698e+01 3.0541755000e+06
4.9229909732e+01 3.0757922500e+06
4.9276084767e+01 3.1150717500e+06
4.9322259802e+01 3.1732900000e+06
4.9368434837e+01 3.2353182500e+06
4.9414609871e+01 3.2667850000e+06
4.9460784906e+01 3.2496782500e+06
4.9506959941e+01 3.1956507500e+06
4.9553134975e+01 3.1317750000e+06
4.9599310010e+01 3.0927377500e+06
4.9645485045e+01 3.0896495000e+06
4.9691660079e+01 3.0988845000e+06
4.9737835114e+01 3.1155292500e+06
4.9784010149e+01 3.1296742500e+06
4.9830185183e+01 3.1318527500e+06
4.9876360218e+01 3.1349907500e+06
4.9922535253e+01 3.1401637500e+06
4.9968710288e+01 3.1591387500e+06
5.0014885322e+01 3.2037340000e+06
5.0061060357e+01 3.2548475000e+06
5.0107235392e+01 3.3090482500e+06
5.0153410426e+01 3.3591240000e+06
5.0199585461e+01 3.4194680000e+06
5.0245760496e+01 3.4924447500e+06
5.0291935530e+01 3.5620220000e+06
5.0338110565e+01 3.5820247500e+06
5.0384285600e+01 3.5611557500e+06
5.0430460634e+01 3.5113510000e+06
5.0476635669e+01 3.4703902500e+06
5.0522810704e+01 3.4434705000e+06
5.0568985739e+01 3.4531697500e+06
5.0615160773e+01 3.4886390000e+06
5.0661335808e+01 3.5733567500e+06
5.0707510843e+01 3.6562170000e+06
5.0753685877e+01 3.6805537500e+06
5.0799860912e+01 3.7273672500e+06
5.0846035947e+01 3.7714557500e+06
5.0892210981e+01 3.8005107500e+06
5.0938386016e+01 3.8597795000e+06
5.0984561051e+01 3.9826292500e+06
5.1030736085e+01 4.2078535000e+06
5.1076911120e+01 4.4817225000e+06
5.1123086155e+01 4.6890545000e+06
5.1169261189e+01 4.7779935000e+06
5.1215436224e+01 4.7699700000e+06
5.1261611259e+01 4.7634665000e+06
5.1307786294e+01 4.8137600000e+06
5.1353961328e+01 4.9258785000e+06
5.1400136363e+01 5.0459370000e+06
5.1446311398e+01 5.1375145000e+06
5.1492486432e+01 5.1525670000e+06
5.1538661467e+01 5.1004120000e+06
5.1584836502e+01 4.9948275000e+06
5.1631011536e+01 4.8868285000e+06
5.1677186571e+01 4.8201470000e+06
5.1723361606e+01 4.7883565000e+06
5.1769536640e+01 4.7809510000e+06
5.1815711675e+01 4.7782485000e+06
5.1861886710e+01 4.7869905000e+06
5.1908061745e+01 4.8028590000e+06
5.1954236779e+01 4.8021970000e+06
5.2000411814e+01 4.7881400000e+06
5.2046586849e+01 4.7519420000e+06
5.2092761883e+01 4.7039200000e+06
5.2138936918e+01 4.6580205000e+06
5.2185111953e+01 4.6261715000e+06
5.2231286987e+01 4.6264095000e+06
5.2277462022e+01 4.6356075000e+06
5.2323637057e+01 4.6289220000e+06
5.2369812091e+01 4.6039455000e+06
5.2415987126e+01 4.5606785000e+06
5.2462162161e+01 4.5258665000e+06
5.2508337195e+01 4.5077240000e+06
5.2554512230e+01 4.5073145000e+06
5.2600687265e+01 4.5349195000e+06
5.2646862300e+01 4.5643345000e+06
5.2693037334e+01 4.5656260000e+06
5.2739212369e+01 4.5097930000e+06
5.2785387404e+01 4.4182700000e+06
5.2831562438e+01 4.3274440000e+06
5.2877737473e+01 4.2783685000e+06
5.2923912508e+01 4.2615145000e+06
5.2970087542e+01 4.2619480000e+06
5.3016262577e+01 4.2366790000e+06
5.3062437612e+01 4.1762380000e+06
5.3108612646e+01 4.0893297500e+06
5.3154787681e+01 4.0132777500e+06
5.3200962716e+01 3.9670552500e+06
5.3247137751e+01 3.9308045000e+06
5.3293312785e+01 3.9043892500e+06
5.3339487820e+01 3.8777730000e+06
5.3385662855e+01 3.8479090000e+06
5.3431837889e+01 3.8322137500e+06
5.3478012924e+01 3.8288372500e+06
5.3524187959e+01 3.8350007500e+06
5.3570362993e+01 3.8331717500e+06
5.3616538028e+01 3.8240225000e+06
5.3662713063e+01 3.8050240000e+06
5.3708888097e+01 3.7815625000e+06
5.3755063132e+01 3.7674730000e+06
5.3801238167e+01 3.7645707500e+06
5.3847413201e+01 3.7676985000e+06
5.3893588236e+01 3.7853530000e+06
5.3939763271e+01 3.7996460000e+06
5.3985938306e+01 3.7921890000e+06
5.4032113340e+01 3.7970012500e+06
5.4078288375e+01 3.8222810000e+06
5.4124463410e+01 3.8485635000e+06
5.4170638444e+01 3.8761332500e+06
5.4216813479e+01 3.8928390000e+06
5.4262988514e+01 3.8926412500e+06
5.4309163548e+01 3.8951215000e+06
5.4355338583e+01 3.9052935000e+06
5.4401513618e+01 3.9227352500e+06
5.4447688652e+01 3.9449182500e+06
5.4493863687e+01 3.9528182500e+06
5.4540038722e+01 3.9481452500e+06
5.4586213757e+01 3.9521430000e+06
5.4632388791e+01 3.9460015000e+06
5.4678563826e+01 3.9075565000e+06
5.4724738861e+01 3.8410427500e+06
5.4770913895e+01 3.7585275000e+06
5.4817088930e+01 3.6941545000e+06
5.4863263965e+01 3.6443720000e+06
5.4909438999e+01 3.6084055000e+06
5.4955614034e+01 3.5885777500e+06
5.5001789069e+01 3.5821170000e+06
5.5047964103e+01 3.5826355000e+06
5.5094139138e+01 3.5867537500e+06
5.5140314173e+01 3.6218307500e+06
5.5186489208e+01 3.6510395000e+06
5.5232664242e+01 3.6722780000e+06
5.5278839277e+01 3.6625790000e+06
5.5325014312e+01 3.6384350000e+06
5.5371189346e+01 3.6123610000e+06
5.5417364381e+01 3.5869982500e+06
5.5463539416e+01 3.5515407500e+06
5.5509714450e+01 3.5209207500e+06
5.5555889485e+01 3.4945227500e+06
5.5602064520e+01 3.4814220000e+06
5.5648239554e+01 3.4836725000e+06
5.5694414589e+01 3.4692512500e+06
5.5740589624e+01 3.4481215000e+06
5.5786764658e+01 3.4216390000e+06
5.5832939693e+01 3.3912862500e+06
5.5879114728e+01 3.3775032500e+06
5.5925289763e+01 3.3731320000e+06
5.5971464797e+01 3.3677090000e+06
5.6017639832e+01 3.3677717500e+06
5.6063814867e+01 3.3772655000e+06
5.6109989901e+01 3.4305745000e+06
5.6156164936e+01 3.4640490000e+06
5.6202339971e+01 3.4464522500e+06
5.6248515005e+01 3.4533210000e+06
5.6294690040e+01 3.4376990000e+06
5.6340865075e+01 3.4230095000e+06
5.6387040109e+01 3.4162535000e+06
5.6433215144e+01 3.4332772500e+06
5.6479390179e+01 3.4844050000e+06
5.6525565214e+01 3.5411415000e+06
5.6571740248e+01 3.5900867500e+06
5.6617915283e+01 3.6047200000e+06
5.6664090318e+01 3.6004232500e+06
5.6710265352e+01 3.5735577500e+06
5.6756440387e+01 3.5485782500e+06
5.6802615422e+01 3.5401507500e+06
5.6848790456e+01 3.5430090000e+06
5.6894965491e+01 3.5334087500e+06
5.6941140526e+01 3.5303590000e+06
5.6987315560e+01 3.5880222500e+06
5.7033490595e+01 3.6987730000e+06
5.7079665630e+01 3.8348980000e+06
5.7125840664e+01 3.9580475000e+06
5.7172015699e+01 4.0321872500e+06
5.7218190734e+01 4.0154235000e+06
5.7264365769e+01 3.9204777500e+06
5.7310540803e+01 3.7730605000e+06
5.7356715838e+01 3.6148200000e+06
5.7402890873e+01 3.4881707500e+06
5.7449065907e+01 3.3971117500e+06
5.7495240942e+01 3.3455790000e+06
5.7541415977e+01 3.3166790000e+06
5.7587591011e+01 3.2909015000e+06
5.7633766046e+01 3.2782837500e+06
5.7679941081e+01 3.2863732500e+06
5.7726116115e+01 3.2912310000e+06
5.7772291150e+01 3.3230435000e+06
5.7818466185e+01 3.3668277500e+06
5.7864641220e+01 3.3958000000e+06
5.7910816254e+01 3.3928827500e+06
5.7956991289e+01 3.3441102500e+06
5.8003166324e+01 3.2714955000e+06
5.8049341358e+01 3.2036737500e+06
5.8095516393e+01 3.1551085000e+06
5.8141691428e+01 3.1428952500e+06
5.8187866462e+01 3.1266280000e+06
5.8234041497e+01 3.1381970000e+06
5.8280216532e+01 3.1456790000e+06
5.8326391566e+01 3.1577355000e+06
5.8372566601e+01 3.1565890000e+06
5.8418741636e+01 3.1605547500e+06
5.8464916670e+01 3.1774735000e+06
5.8511091705e+01 3.2010302500e+06
5.8557266740e+01 3.2272762500e+06
5.8603441775e+01 3.2444047500e+06
5.8649616809e+01 3.2521392500e+06
5.8695791844e+01 3.2556010000e+06
5.8741966879e+01 3.2603190000e+06
5.8788141913e+01 3.2708015000e+06
5.8834316948e+01 3.2982397500e+06
5.8880491983e+01 3.3425955000e+06
5.8926667017e+01 3.3938380000e+06
5.8972842052e+01 3.4571107500e+06
5.9019017087e+01 3.4942755000e+06
5.9065192121e+01 3.4807350000e+06
5.9111367156e+01 3.4212377500e+06
5.9157542191e+01 3.3409465000e+06
5.9203717226e+01 3.2896542500e+06
5.9249892260e+01 3.2714447500e+06
5.9296067295e+01 3.2740202500e+06
5.9342242330e+01 3.2803682500e+06
5.9388417364e+01 3.2803260000e+06
5.9434592399e+01 3.2728145000e+06
5.9480767434e+01 3.2597282500e+06
5.9526942468e+01 3.2433730000e+06
5.9573117503e+01 3.2286465000e+06
5.9619292538e+01 3.2172750000e+06
5.9665467572e+01 3.2102652500e+06
5.9711642607e+01 3.2060685000e+06
5.9757817642e+01 3.2171305000e+06
5.9803992677e+01 3.2214467500e+06
5.9850167711e+01 3.2298892500e+06
5.9896342746e+01 3.2420540000e+06
5.9942517781e+01 3.2763285000e+06
5.9988692815e+01 3.2948672500e+06
6.0034867850e+01 3.3051130000e+06
6.0081042885e+01 3.3034055000e+06
6.0127217919e+01 3.2956990000e+06
6.0173392954e+01 3.2964307500e+06
6.0219567989e+01 3.3101130000e+06
6.0265743023e+01 3.3122255000e+06
6.0311918058e+01 3.2854575000e+06
6.0358093093e+01 3.2304480000e+06
6.0404268127e+01 3.1828115000e+06
6.0450443162e+01 3.1573197500e+06
6.0496618197e+01 3.1461402500e+06
6.0542793232e+01 3.1442620000e+06
6.0588968266e+01 3.1494247500e+06
6.0635143301e+01 3.1521922500e+06
6.0681318336e+01 3.1415225000e+06
6.0727493370e+01 3.1157742500e+06
6.0773668405e+01 3.0941817500e+06
6.0819843440e+01 3.0815662500e+06
6.0866018474e+01 3.0739780000e+06
6.0912193509e+01 3.0687272500e+06
6.0958368544e+01 3.0667755000e+06
6.1004543578e+01 3.0659872500e+06
6.1050718613e+01 3.0538230000e+06
6.1096893648e+01 3.0497040000e+06
6.1143068683e+01 3.0537825000e+06
6.1189243717e+01 3.0730975000e+06
6.1235418752e+01 3.1066367500e+06
6.1281593787e+01 3.1411310000e+06
6.1327768821e+01 3.1572485000e+06
6.1373943856e+01 3.1500235000e+06
6.1420118891e+01 3.1301865000e+06
6.1466293925e+01 3.1065442500e+06
6.1512468960e+01 3.0995150000e+06
6.1558643995e+01 3.1018947500e+06
6.1604819029e+01 3.0998092500e+06
6.1650994064e+01 3.0922460000e+06
6.1697169099e+01 3.0764152500e+06
6.1743344133e+01 3.0612407500e+06
6.1789519168e+01 3.0501370000e+06
6.1835694203e+01 3.0424707500e+06
6.1881869238e+01 3.0325420000e+06
6.1928044272e+01 3.0244675000e+06
6.1974219307e+01 3.0120872500e+06
6.2020394342e+01 3.0053117500e+06
6.2066569376e+01 3.0052472500e+06
6.2112744411e+01 3.0214385000e+06
6.2158919446e+01 3.0556382500e+06
6.2205094480e+01 3.0559570000e+06
6.2251269515e+01 3.0753815000e+06
6.2297444550e+01 3.0919397500e+06
6.2343619584e+01 3.1297542500e+06
6.2389794619e+01 3.1764605000e+06
6.2435969654e+01 3.2266197500e+06
6.2482144689e+01 3.2761795000e+06
6.2528319723e+01 3.2997612500e+06
6.2574494758e+01 3.2687587500e+06
6.2620669793e+01 3.1961017500e+06
6.2666844827e+01 3.1138782500e+06
6.2713019862e+01 3.0629025000e+06
6.2759194897e+01 3.0551372500e+06
6.2805369931e+01 3.0805422500e+06
6.2851544966e+01 3.1178807500e+06
6.2897720001e+01 3.1447477500e+06
6.2943895035e+01 3.1317700000e+06
6.2990070070e+01 3.0904947500e+06
6.3036245105e+01 3.0503477500e+06
6.3082420139e+01 3.0284655000e+06
6.3128595174e+01 3.0300147500e+06
6.3174770209e+01 3.0514732500e+06
6.3220945244e+01 3.0658472500e+06
6.3267120278e+01 3.0712117500e+06
6.3313295313e+01 3.0539112500e+06
6.3359470348e+01 3.0318182500e+06
6.3405645382e+01 3.0147362500e+06
6.3451820417e+01 3.0036615000e+06
6.3497995452e+01 3.0068662500e+06
6.3544170486e+01 3.0226562500e+06
6.3590345521e+01 3.0570855000e+06
6.3636520556e+01 3.1082300000e+06
6.3682695590e+01 3.1485557500e+06
6.3728870625e+01 3.1587902500e+06
6.3775045660e+01 3.1392017500e+06
6.3821220695e+01 3.1118475000e+06
6.3867395729e+01 3.0944150000e+06
6.3913570764e+01 3.0852852500e+06
6.3959745799e+01 3.0674385000e+06
6.4005920833e+01 3.0249450000e+06
6.4052095868e+01 2.9691140000e+06
6.4098270903e+01 2.9361465000e+06
6.4144445937e+01 2.9177697500e+06
6.4190620972e+01 2.9087297500e+06
6.4236796007e+01 2.9053010000e+06
6.4282971041e+01 2.9014777500e+06
6.4329146076e+01 2.9027235000e+06
6.4375321111e+01 2.9058727500e+06
6.4421496146e+01 2.9168250000e+06
6.4467671180e+01 2.9329225000e+06
6.4513846215e+01 2.9612362500e+06
6.4560021250e+01 3.0021255000e+06
6.4606196284e+01 3.0235082500e+06
6.4652371319e+01 3.0040817500e+06
6.4698546354e+01 2.9623232500e+06
6.4744721388e+01 2.9099632500e+06
6.4790896423e+01 2.8788552500e+06
6.4837071458e+01 2.8684622500e+06
6.4883246492e+01 2.8596887500e+06
6.4929421527e+01 2.8560862500e+06
6.4975596562e+01 2.8611440000e+06
6.5021771596e+01 2.8721567500e+06
6.5067946631e+01 2.8868675000e+06
6.5114121666e+01 2.8813322500e+06
6.5160296701e+01 2.8753940000e+06
6.5206471735e+01 2.8602195000e+06
6.5252646770e+01 2.8461820000e+06
6.5298821805e+01 2.8345260000e+06
6.5344996839e+01 2.8279087500e+06
6.5391171874e+01 2.8215677500e+06
6.5437346909e+01 2.8277702500e+06
6.5483521943e+01 2.8357097500e+06
6.5529696978e+01 2.8331437500e+06
6.5575872013e+01 2.8149000000e+06
6.5622047047e+01 2.7953062500e+06
6.5668222082e+01 2.7847327500e+06
6.5714397117e+01 2.7789375000e+06
6.5760572152e+01 2.7713507500e+06
6.5806747186e+01 2.7511275000e+06
6.5852922221e+01 2.7360060000e+06
6.5899097256e+01 2.7246805000e+06
6.5945272290e+01 2.7157205000e+06
6.5991447325e+01 2.7223067500e+06
6.6037622360e+01 2.7430190000e+06
6.6083797394e+01 2.7561645000e+06
6.6129972429e+01 2.7621555000e+06
6.6176147464e+01 2.7668585000e+06
6.6222322498e+01 2.7744537500e+06
6.6268497533e+01 2.8004817500e+06
6.6314672568e+01 2.8208977500e+06
6.6360847602e+01 2.8404247500e+06
6.6407022637e+01 2.8460402500e+06
6.6453197672e+01 2.8445897500e+06
6.6499372707e+01 2.8499337500e+06
6.6545547741e+01 2.8631780000e+06
6.6591722776e+01 2.8835102500e+06
6.6637897811e+01 2.8966085000e+06
6.6684072845e+01 2.8961502500e+06
6.6730247880e+01 2.8820752500e+06
6.6776422915e+01 2.8623257500e+06
6.6822597949e+01 2.8366052500e+06
6.6868772984e+01 2.8066752500e+06
6.6914948019e+01 2.7819307500e+06
6.6961123053e+01 2.7606320000e+06
6.7007298088e+01 2.7462080000e+06
6.7053473123e+01 2.7410140000e+06
6.7099648158e+01 2.7692412500e+06
6.7145823192e+01 2.7826440000e+06
6.7191998227e+01 2.7435760000e+06
6.7238173262e+01 2.7218285000e+06
6.7284348296e+01 2.7151090000e+06
6.7330523331e+01 2.7219342500e+06
6.7376698366e+01 2.7345577500e+06
6.7422873400e+01 2.7390832500e+06
6.7469048435e+01 2.7349770000e+06
6.7515223470e+01 2.7133347500e+06
6.7561398504e+01 2.7090775000e+06
6.7607573539e+01 2.7022932500e+06
6.7653748574e+01 2.6986980000e+06
6.7699923608e+01 2.7028590000e+06
6.7746098643e+01 2.7057170000e+06
6.7792273678e+01 2.7188425000e+06
6.7838448713e+01 2.7336410000e+06
6.7884623747e+01 2.7585995000e+06
6.7930798782e+01 2.7880562500e+06
6.7976973817e+01 2.8198365000e+06
6.8023148851e+01 2.8520570000e+06
6.8069323886e+01 2.8915787500e+06
6.8115498921e+01 2.9259645000e+06
6.8161673955e+01 2.9452305000e+06
6.8207848990e+01 2.9628035000e+06
6.8254024025e+01 2.9608975000e+06
6.8300199059e+01 2.9415737500e+06
6.8346374094e+01 2.9090265000e+06
6.8392549129e+01 2.8741920000e+06
6.8438724164e+01 2.8575160000e+06
6.8484899198e+01 2.8435617500e+06
6.8531074233e+01 2.8251387500e+06
6.8577249268e+01 2.7940535000e+06
6.8623424302e+01 2.7410595000e+06
6.8669599337e+01 2.6981590000e+06
6.8715774372e+01 2.6671175000e+06
6.8761949406e+01 2.6433192500e+06
6.8808124441e+01 2.6332867500e+06
6.8854299476e+01 2.6362097500e+06
6.8900474510e+01 2.6349710000e+06
6.8946649545e+01 2.6402900000e+06
6.8992824580e+01 2.6448702500e+06
6.9038999615e+01 2.6492055000e+06
6.9085174649e+01 2.6681322500e+06
6.9131349684e+01 2.6874055000e+06
6.9177524719e+01 2.7013627500e+06
6.9223699753e+01 2.7129895000e+06
6.9269874788e+01 2.7139502500e+06
6.9316049823e+01 2.7129557500e+06
6.9362224857e+01 2.7126100000e+06
6.9408399892e+01 2.7080800000e+06
6.9454574927e+01 2.6971795000e+06
6.9500749961e+01 2.6811605000e+06
6.9546924996e+01 2.6711552500e+06
6.9593100031e+01 2.6648615000e+06
6.9639275065e+01 2.6611912500e+06
6.9685450100e+01 2.6530392500e+06
6.9731625135e+01 2.6439437500e+06
6.9777800170e+01 2.6249662500e+06
6.9823975204e+01 2.6183335000e+06
6.9870150239e+01 2.6276245000e+06
6.9916325274e+01 2.6272532500e+06
6.9962500308e+01 2.6320652500e+06
7.0008675343e+01 2.6219432500e+06
7.0054850378e+01 2.6034152500e+06
7.0101025412e+01 2.5789292500e+06
7.0147200447e+01 2.5578975000e+06
7.0193375482e+01 2.5547400000e+06
7.0239550516e+01 2.5571025000e+06
7.0285725551e+01 2.5651792500e+06
7.0331900586e+01 2.5720107500e+06
7.0378075621e+01 2.5845325000e+06
7.0424250655e+01 2.5911290000e+06
7.0470425690e+01 2.5867630000e+06
7.0516600725e+01 2.5659135000e+06
7.0562775759e+01 2.5492285000e+06
7.0608950794e+01 2.5305640000e+06
7.0655125829e+01 2.5088460000e+06
7.0701300863e+01 2.4898782500e+06
7.0747475898e+01 2.4834015000e+06
7.0793650933e+01 2.4760352500e+06
7.0839825967e+01 2.4681332500e+06
7.0886001002e+01 2.4682827500e+06
7.0932176037e+01 2.4681080000e+06
7.0978351071e+01 2.4666172500e+06
7.1024526106e+01 2.4716435000e+06
7.1070701141e+01 2.4874067500e+06
7.1116876176e+01 2.5049892500e+06
7.1163051210e+01 2.5200007500e+06
7.1209226245e+01 2.5322085000e+06
7.1255401280e+01 2.5381995000e+06
7.1301576314e+01 2.5545657500e+06
7.1347751349e+01 2.5655892500e+06
7.1393926384e+01 2.5626020000e+06
7.1440101418e+01 2.5538530000e+06
7.1486276453e+01 2.5387765000e+06
7.1532451488e+01 2.5180425000e+06
7.1578626522e+01 2.5071520000e+06
7.1624801557e+01 2.5154492500e+06
7.1670976592e+01 2.5191670000e+06
7.1717151627e+01 2.5046805000e+06
7.1763326661e+01 2.5132377500e+06
7.1809501696e+01 2.5138092500e+06
7.1855676731e+01 2.5050340000e+06
7.1901851765e+01 2.4888032500e+06
7.1948026800e+01 2.4801835000e+06
7.1994201835e+01 2.4846267500e+06
7.2040376869e+01 2.4977647500e+06
7.2086551904e+01 2.5071380000e+06
7.2132726939e+01 2.5088657500e+06
7.2178901973e+01 2.4995562500e+06
7.2225077008e+01 2.4846892500e+06
7.2271252043e+01 2.4769500000e+06
7.2317427077e+01 2.4711975000e+06
7.2363602112e+01 2.4652885000e+06
7.2409777147e+01 2.4667550000e+06
7.2455952182e+01 2.4630482500e+06
7.2502127216e+01 2.4514082500e+06
7.2548302251e+01 2.4428515000e+06
7.2594477286e+01 2.4426927500e+06
7.2640652320e+01 2.4407172500e+06
7.2686827355e+01 2.4471437500e+06
7.2733002390e+01 2.4570080000e+06
7.2779177424e+01 2.4523312500e+06
7.2825352459e+01 2.4578670000e+06
7.2871527494e+01 2.4581762500e+06
7.2917702528e+01 2.4659497500e+06
7.2963877563e+01 2.4675350000e+06
7.3010052598e+01 2.4785612500e+06
7.3056227633e+01 2.4870992500e+06
7.3102402667e+01 2.4977697500e+06
7.3148577702e+01 2.5126412500e+06
7.3194752737e+01 2.5320155000e+06
7.3240927771e+01 2.5500567500e+06
7.3287102806e+01 2.5652305000e+06
7.3333277841e+01 2.5698615000e+06
7.3379452875e+01 2.5518032500e+06
7.3425627910e+01 2.5285417500e+06
7.3471802945e+01 2.5047722500e+06
7.3517977979e+01 2.4989840000e+06
7.3564153014e+01 2.4992007500e+06
7.3610328049e+01 2.5075955000e+06
7.3656503084e+01 2.5130572500e+06
7.3702678118e+01 2.5110655000e+06
7.3748853153e+01 2.5076227500e+06
7.3795028188e+01 2.5015122500e+06
7.3841203222e+01 2.5001252500e+06
7.3887378257e+01 2.5006652500e+06
7.3933553292e+01 2.5080465000e+06
7.3979728326e+01 2.5127852500e+06
7.4025903361e+01 2.5092975000e+06
7.4072078396e+01 2.5101385000e+06
7.4118253430e+01 2.5154467500e+06
7.4164428465e+01 2.5247815000e+06
7.4210603500e+01 2.5370945000e+06
7.4256778534e+01 2.5403345000e+06
7.4302953569e+01 2.5386535000e+06
7.4349128604e+01 2.5246745000e+06
7.4395303639e+01 2.5135217500e+06
7.4441478673e+01 2.5100472500e+06
7.4487653708e+01 2.5020790000e+06
7.4533828743e+01 2.4898832500e+06
7.4580003777e+01 2.4800810000e+06
7.4626178812e+01 2.4729505000e+06
7.4672353847e+01 2.4664957500e+06
7.4718528881e+01 2.4624300000e+06
7.4764703916e+01 2.4626095000e+06
7.4810878951e+01 2.4581012500e+06
7.4857053985e+01 2.4522505000e+06
7.4903229020e+01 2.4478852500e+06
7.4949404055e+01 2.4424130000e+06
7.4995579090e+01 2.4506262500e+06
7.5041754124e+01 2.4437672500e+06
7.5087929159e+01 2.4420497500e+06
7.5134104194e+01 2.4441417500e+06
7.5180279228e+01 2.4470200000e+06
7.5226454263e+01 2.4484212500e+06
7.5272629298e+01 2.4495725000e+06
7.5318804332e+01 2.4471660000e+06
7.5364979367e+01 2.4510572500e+06
7.5411154402e+01 2.4571567500e+06
7.5457329436e+01 2.4644325000e+06
7.5503504471e+01 2.4818210000e+06
7.5549679506e+01 2.4983690000e+06
7.5595854540e+01 2.5017347500e+06
7.5642029575e+01 2.5070570000e+06
7.5688204610e+01 2.5012217500e+06
7.5734379645e+01 2.5038972500e+06
7.5780554679e+01 2.5174720000e+06
7.5826729714e+01 2.5363002500e+06
7.5872904749e+01 2.5506475000e+06
7.5919079783e+01 2.5570975000e+06
7.5965254818e+01 2.5416045000e+06
7.6011429853e+01 2.5096965000e+06
7.6057604887e+01 2.5000410000e+06
7.6103779922e+01 2.4956342500e+06
7.6149954957e+01 2.4999552500e+06
7.6196129991e+01 2.4959275000e+06
7.6242305026e+01 2.4980455000e+06
7.6288480061e+01 2.5046587500e+06
7.6334655096e+01 2.5215395000e+06
7.6380830130e+01 2.5429395000e+06
7.6427005165e+01 2.5518557500e+06
7.6473180200e+01 2.5508425000e+06
7.6519355234e+01 2.5392662500e+06
7.6565530269e+01 2.5235422500e+06
7.6611705304e+01 2.4972092500e+06
7.6657880338e+01 2.4839280000e+06
7.6704055373e+01 2.4810492500e+06
7.6750230408e+01 2.4924337500e+06
7.6796405442e+01 2.5025065000e+06
7.6842580477e+01 2.5039025000e+06
7.6888755512e+01 2.4946722500e+06
7.6934930546e+01 2.4840942500e+06
7.6981105581e+01 2.4801512500e+06
7.7027280616e+01 2.4821767500e+06
7.7073455651e+01 2.4924160000e+06
7.7119630685e+01 2.5129212500e+06
7.7165805720e+01 2.5356502500e+06
7.7211980755e+01 2.5459775000e+06
7.7258155789e+01 2.5516432500e+06
7.7304330824e+01 2.5539070000e+06
7.7350505859e+01 2.5483900000e+06
7.7396680893e+01 2.5388350000e+06
7.7442855928e+01 2.5356585000e+06
7.7489030963e+01 2.5460555000e+06
7.7535205997e+01 2.5533522500e+06
7.7581381032e+01 2.5556637500e+06
7.7627556067e+01 2.5518002500e+06
7.7673731102e+01 2.5504397500e+06
7.7719906136e+01 2.5583225000e+06
7.7766081171e+01 2.5741882500e+06
7.7812256206e+01 2.5936217500e+06
7.7858431240e+01 2.5960445000e+06
7.7904606275e+01 2.5914070000e+06
7.7950781310e+01 2.5831475000e+06
7.7996956344e+01 2.5658530000e+06
7.8043131379e+01 2.5672445000e+06
7.8089306414e+01 2.5685692500e+06
7.8135481448e+01 2.5727250000e+06
7.8181656483e+01 2.5832735000e+06
7.8227831518e+01 2.5821975000e+06
7.8274006553e+01 2.5861165000e+06
7.8320181587e+01 2.5894670000e+06
7.8366356622e+01 2.6001895000e+06
7.8412531657e+01 2.6008082500e+06
7.8458706691e+01 2.6071005000e+06
7.8504881726e+01 2.6221975000e+06
7.8551056761e+01 2.6328825000e+06
7.8597231795e+01 2.6517867500e+06
7.8643406830e+01 2.6635912500e+06
7.8689581865e+01 2.6737405000e+06
7.8735756899e+01 2.6764227500e+06
7.8781931934e+01 2.6760465000e+06
7.8828106969e+01 2.6747012500e+06
7.8874282003e+01 2.6719487500e+06
7.8920457038e+01 2.6728625000e+06
7.8966632073e+01 2.6776550000e+06
7.9012807108e+01 2.6820332500e+06
7.9058982142e+01 2.6896885000e+06
7.9105157177e+01 2.6996025000e+06
7.9151332212e+01 2.7018277500e+06
7.9197507246e+01 2.6959175000e+06
7.9243682281e+01 2.6892115000e+06
7.9289857316e+01 2.6796140000e+06
7.9336032350e+01 2.6808120000e+06
7.9382207385e+01 2.6796545000e+06
7.9428382420e+01 2.6778767500e+06
7.9474557454e+01 2.6701115000e+06
7.9520732489e+01 2.6564285000e+06
7.9566907524e+01 2.6481325000e+06
7.9613082559e+01 2.6350395000e+06
7.9659257593e+01 2.6257315000e+06
7.9705432628e+01 2.6277235000e+06
7.9751607663e+01 2.6234165000e+06
7.9797782697e+01 2.6264795000e+06
7.9843957732e+01 2.6364662500e+06
7.9890132767e+01 2.6465532500e+06
7.9936307801e+01 2.6537182500e+06
7.9982482836e+01 2.6562437500e+06
8.0028657871e+01 2.6604042500e+06
8.0074832905e+01 2.6633222500e+06
8.0121007940e+01 2.6532082500e+06
8.0167182975e+01 2.6436790000e+06
8.0213358009e+01 2.6284262500e+06
8.0259533044e+01 2.6027435000e+06
8.0305708079e+01 2.5944922500e+06
8.0351883114e+01 2.5902610000e+06
8.0398058148e+01 2.5803042500e+06
8.0444233183e+01 2.5732165000e+06
8.0490408218e+01 2.5692900000e+06
8.0536583252e+01 2.5680440000e+06
8.0582758287e+01 2.5800157500e+06
8.0628933322e+01 2.5864120000e+06
8.0675108356e+01 2.5882737500e+06
8.0721283391e+01 2.5722282500e+06
8.0767458426e+01 2.5567010000e+06
8.0813633460e+01 2.5450225000e+06
8.0859808495e+01 2.5412625000e+06
8.0905983530e+01 2.5511535000e+06
8.0952158565e+01 2.5545810000e+06
8.0998333599e+01 2.5576482500e+06
8.1044508634e+01 2.5579615000e+06
8.1090683669e+01 2.5573510000e+06
8.1136858703e+01 2.5526780000e+06
8.1183033738e+01 2.5451767500e+06
8.1229208773e+01 2.5338342500e+06
8.1275383807e+01 2.5295447500e+06
8.1321558842e+01 2.5151315000e+06
8.1367733877e+01 2.5102030000e+06
8.1413908911e+01 2.5004700000e+06
8.1460083946e+01 2.4946150000e+06
8.1506258981e+01 2.4926437500e+06
8.1552434016e+01 2.4966050000e+06
8.1598609050e+01 2.4963000000e+06
8.1644784085e+01 2.4973535000e+06
8.1690959120e+01 2.5015347500e+06
8.1737134154e+01 2.5143940000e+06
8.1783309189e+01 2.5276237500e+06
8.1829484224e+01 2.5502067500e+06
8.1875659258e+01 2.5716125000e+06
8.1921834293e+01 2.5823952500e+06
8.1968009328e+01 2.5872257500e+06
8.2014184362e+01 2.5826765000e+06
8.2060359397e+01 2.5659362500e+06
8.2106534432e+01 2.5430120000e+06
8.2152709466e+01 2.5096425000e+06
8.2198884501e+01 2.4867875000e+06
8.2245059536e+01 2.4719245000e+06
8.2291234571e+01 2.4532380000e+06
8.2337409605e+01 2.4483692500e+06
8.2383584640e+01 2.4408472500e+06
8.2429759675e+01 2.4407022500e+06
8.2475934709e+01 2.4399265000e+06
8.2522109744e+01 2.4470220000e+06
8.2568284779e+01 2.4434515000e+06
8.2614459813e+01 2.4396602500e+06
8.2660634848e+01 2.4411595000e+06
8.2706809883e+01 2.4397922500e+06
8.2752984917e+01 2.4388077500e+06
8.2799159952e+01 2.4489847500e+06
8.2845334987e+01 2.4565950000e+06
8.2891510022e+01 2.4576225000e+06
8.2937685056e+01 2.4522210000e+06
8.2983860091e+01 2.4451532500e+06
8.3030035126e+01 2.4434685000e+06
8.3076210160e+01 2.4439842500e+06
8.3122385195e+01 2.4501702500e+06
8.3168560230e+01 2.4490515000e+06
8.3214735264e+01 2.4575007500e+06
8.3260910299e+01 2.4654982500e+06
8.3307085334e+01 2.4798327500e+06
8.3353260368e+01 2.4859967500e+06
8.3399435403e+01 2.4922417500e+06
8.3445610438e+01 2.4966752500e+06
8.3491785472e+01 2.4878240000e+06
8.3537960507e+01 2.4788922500e+06
8.3584135542e+01 2.4741300000e+06
8.3630310577e+01 2.4721317500e+06
8.3676485611e+01 2.4720950000e+06
8.3722660646e+01 2.4763322500e+06
8.3768835681e+01 2.4961355000e+06
8.3815010715e+01 2.5152210000e+06
8.3861185750e+01 2.5341860000e+06
8.3907360785e+01 2.5485495000e+06
8.3953535819e+01 2.5523027500e+06
8.3999710854e+01 2.5515340000e+06
8.4045885889e+01 2.5417570000e+06
8.4092060923e+01 2.5270520000e+06
8.4138235958e+01 2.5029072500e+06
8.4184410993e+01 2.4809287500e+06
8.4230586028e+01 2.4645040000e+06
8.4276761062e+01 2.4486062500e+06
8.4322936097e+01 2.4405370000e+06
8.4369111132e+01 2.4341712500e+06
8.4415286166e+01 2.4334447500e+06
8.4461461201e+01 2.4413750000e+06
8.4507636236e+01 2.4439645000e+06
8.4553811270e+01 2.4510000000e+06
8.4599986305e+01 2.4509692500e+06
8.4646161340e+01 2.4505492500e+06
8.4692336374e+01 2.4519870000e+06
8.4738511409e+01 2.4534605000e+06
8.4784686444e+01 2.4428590000e+06
8.4830861478e+01 2.4450012500e+06
8.4877036513e+01 2.4410787500e+06
8.4923211548e+01 2.4360825000e+06
8.4969386583e+01 2.4385755000e+06
8.5015561617e+01 2.4401497500e+06
8.5061736652e+01 2.4426730000e+06
8.5107911687e+01 2.4435207500e+06
8.5154086721e+01 2.4403767500e+06
8.5200261756e+01 2.4321652500e+06
8.5246436791e+01 2.4226270000e+06
8.5292611825e+01 2.4147965000e+06
8.5338786860e+01 2.4103465000e+06
8.5384961895e+01 2.4118367500e+06
8.5431136929e+01 2.4070950000e+06
8.5477311964e+01 2.4128787500e+06
8.5523486999e+01 2.4154640000e+06
8.5569662034e+01 2.4135242500e+06
8.5615837068e+01 2.4138465000e+06
8.5662012103e+01 2.4092807500e+06
8.5708187138e+01 2.4093457500e+06
8.5754362172e+01 2.4134452500e+06
8.5800537207e+01 2.4215917500e+06
8.5846712242e+01 2.4271137500e+06
8.5892887276e+01 2.4337320000e+06
8.5939062311e+01 2.4370547500e+06
8.5985237346e+01 2.4406287500e+06
8.6031412380e+01 2.4519047500e+06
8.6077587415e+01 2.4612320000e+06
8.6123762450e+01 2.4675447500e+06
8.6169937485e+01 2.4725675000e+06
8.6216112519e+01 2.4700895000e+06
8.6262287554e+01 2.4716812500e+06
8.6308462589e+01 2.4769965000e+06
8.6354637623e+01 2.4725332500e+06
8.6400812658e+01 2.4701347500e+06
8.6446987693e+01 2.4741437500e+06
8.6493162727e+01 2.4804150000e+06
8.6539337762e+01 2.4820672500e+06
8.6585512797e+01 2.4714287500e+06
8.6631687831e+01 2.4629430000e+06
8.6677862866e+01 2.4627640000e+06
8.6724037901e+01 2.4557087500e+06
8.6770212935e+01 2.4563385000e+06
8.6816387970e+01 2.4587307500e+06
8.6862563005e+01 2.4550825000e+06
8.6908738040e+01 2.4509187500e+06
8.6954913074e+01 2.4498130000e+06
8.7001088109e+01 2.4517905000e+06
8.7047263144e+01 2.4513852500e+06
8.7093438178e+01 2.4561642500e+06
8.7139613213e+01 2.4593120000e+06
8.7185788248e+01 2.4630930000e+06
8.7231963282e+01 2.4638935000e+06
8.7278138317e+01 2.4575710000e+06
8.7324313352e+01 2.4557715000e+06
8.7370488386e+01 2.4609147500e+06
8.7416663421e+01 2.4684847500e+06
8.7462838456e+01 2.4734130000e+06
8.7509013491e+01 2.4814645000e+06
8.7555188525e+01 2.4823965000e+06
8.7601363560e+01 2.4899875000e+06
8.7647538595e+01 2.5017867500e+06
8.7693713629e+01 2.5022360000e+06
8.7739888664e+01 2.5055840000e+06
8.7786063699e+01 2.5183817500e+06
8.7832238733e+01 2.5318150000e+06
8.7878413768e+01 2.5389832500e+06
8.7924588803e+01 2.5478647500e+06
8.7970763837e+01 2.5465582500e+06
8.8016938872e+01 2.5471372500e+06
8.8063113907e+01 2.5397142500e+06
8.8109288941e+01 2.5329507500e+06
8.8155463976e+01 2.5359115000e+06
8.8201639011e+01 2.5360995000e+06
8.8247814046e+01 2.5477675000e+06
8.8293989080e+01 2.5582270000e+06
8.8340164115e+01 2.5661460000e+06
8.8386339150e+01 2.5790437500e+06
8.8432514184e+01 2.6047585000e+06
8.8478689219e+01 2.6459437500e+06
8.8524864254e+01 2.6724307500e+06
8.8571039288e+01 2.6778027500e+06
8.8617214323e+01 2.6621257500e+06
8.8663389358e+01 2.6474812500e+06
8.8709564392e+01 2.6416247500e+06
8.8755739427e+01 2.6472592500e+06
8.8801914462e+01 2.6626555000e+06
8.8848089497e+01 2.6729605000e+06
8.8894264531e+01 2.6885965000e+06
8.8940439566e+01 2.7028680000e+06
8.8986614601e+01 2.7198602500e+06
8.9032789635e+01 2.7380312500e+06
8.9078964670e+01 2.7418320000e+06
8.9125139705e+01 2.7592590000e+06
8.9171314739e+01 2.7760680000e+06
8.9217489774e+01 2.7760605000e+06
8.9263664809e+01 2.7776192500e+06
8.9309839843e+01 2.7744690000e+06
8.9356014878e+01 2.7709255000e+06
8.9402189913e+01 2.7666502500e+06
8.9448364947e+01 2.7624322500e+06
8.9494539982e+01 2.7575340000e+06
8.9540715017e+01 2.7439427500e+06
8.9586890052e+01 2.7350972500e+06
8.9633065086e+01 2.7261955000e+06
8.9679240121e+01 2.7135340000e+06
8.9725415156e+01 2.7171140000e+06
8.9771590190e+01 2.7066222500e+06
8.9817765225e+01 2.7098770000e+06
8.9863940260e+01 2.7102720000e+06
8.9910115294e+01 2.7064920000e+06
8.9956290329e+01 2.7018375000e+06
9.0002465364e+01 2.7022692500e+06
9.0048640398e+01 2.6940667500e+06
9.0094815433e+01 2.6927597500e+06
9.0140990468e+01 2.6926762500e+06
9.0187165503e+01 2.6880322500e+06
9.0233340537e+01 2.6935445000e+06
9.0279515572e+01 2.6981710000e+06
9.0325690607e+01 2.6980402500e+06
9.0371865641e+01 2.7108617500e+06
9.0418040676e+01 2.7111582500e+06
9.0464215711e+01 2.7073700000e+06
9.0510390745e+01 2.7016197500e+06
9.0556565780e+01 2.6882422500e+06
9.0602740815e+01 2.6724842500e+06
9.0648915849e+01 2.6532027500e+06
9.0695090884e+01 2.6463490000e+06
9.0741265919e+01 2.6397100000e+06
9.0787440954e+01 2.6245357500e+06
9.0833615988e+01 2.6237867500e+06
9.0879791023e+01 2.6183055000e+06
9.0925966058e+01 2.6064825000e+06
9.0972141092e+01 2.6045547500e+06
9.1018316127e+01 2.5958657500e+06
9.1064491162e+01 2.5887405000e+06
9.1110666196e+01 2.5867742500e+06
9.1156841231e+01 2.5875200000e+06
9.1203016266e+01 2.5956445000e+06
9.1249191300e+01 2.6026725000e+06
9.1295366335e+01 2.6077940000e+06
9.1341541370e+01 2.6205417500e+06
9.1387716404e+01 2.6195070000e+06
9.1433891439e+01 2.6189307500e+06
9.1480066474e+01 2.6142380000e+06
9.1526241509e+01 2.6192885000e+06
9.1572416543e+01 2.6117560000e+06
9.1618591578e+01 2.6111325000e+06
9.1664766613e+01 2.5993640000e+06
9.1710941647e+01 2.5994610000e+06
9.1757116682e+01 2.5697585000e+06
9.1803291717e+01 2.5581230000e+06
9.1849466751e+01 2.5541872500e+06
9.1895641786e+01 2.5342685000e+06
9.1941816821e+01 2.5338205000e+06
9.1987991855e+01 2.5428795000e+06
9.2034166890e+01 2.5441025000e+06
9.2080341925e+01 2.5454472500e+06
9.2126516960e+01 2.5509020000e+06
9.2172691994e+01 2.5349887500e+06
9.2218867029e+01 2.5181067500e+06
9.2265042064e+01 2.5066240000e+06
9.2311217098e+01 2.5021792500e+06
9.2357392133e+01 2.4925347500e+06
9.2403567168e+01 2.4948132500e+06
9.2449742202e+01 2.5034862500e+06
9.2495917237e+01 2.4931747500e+06
9.2542092272e+01 2.4976167500e+06
9.2588267306e+01 2.5020037500e+06
9.2634442341e+01 2.5149482500e+06
9.2680617376e+01 2.5144587500e+06
9.2726792410e+01 2.5081210000e+06
9.2772967445e+01 2.5065562500e+06
9.2819142480e+01 2.4917267500e+06
9.2865317515e+01 2.4890237500e+06
9.2911492549e+01 2.4843477500e+06
9.2957667584e+01 2.4818257500e+06
9.3003842619e+01 2.4830412500e+06
9.3050017653e+01 2.4759077500e+06
9.3096192688e+01 2.4724130000e+06
9.3142367723e+01 2.4671055000e+06
9.3188542757e+01 2.4711830000e+06
9.3234717792e+01 2.4671587500e+06
9.3280892827e+01 2.4615212500e+06
9.3327067861e+01 2.4551027500e+06
9.3373242896e+01 2.4636272500e+06
9.3419417931e+01 2.4675717500e+06
9.3465592966e+01 2.4561520000e+06
9.3511768000e+01 2.4751117500e+06
9.3557943035e+01 2.4649485000e+06
9.3604118070e+01 2.4658712500e+06
9.3650293104e+01 2.4540300000e+06
9.3696468139e+01 2.4665815000e+06
9.3742643174e+01 2.4678747500e+06
9.3788818208e+01 2.4500437500e+06
9.3834993243e+01 2.4610007500e+06
9.3881168278e+01 2.4533522500e+06
9.3927343312e+01 2.4306895000e+06
9.3973518347e+01 2.4521232500e+06
9.4019693382e+01 2.4210022500e+06
9.4065868416e+01 2.4085252500e+06
9.4112043451e+01 2.4038002500e+06
9.4158218486e+01 2.4124100000e+06
9.4204393521e+01 2.3876012500e+06
9.4250568555e+01 2.3763592500e+06
9.4296743590e+01 2.3979347500e+06
9.4342918625e+01 2.3988950000e+06
9.4389093659e+01 2.3671405000e+06
9.4435268694e+01 2.3615725000e+06
9.4481443729e+01 2.3365577500e+06
9.4527618763e+01 2.3387170000e+06
9.4573793798e+01 0.0000000000e+00
